AVRRV30D0-17521-53SA0+132N,17521-53SA0,R98-7W,796,186,60,60,2.6,0.6,0.6,K,95.5,10.68,0.45,0.45,4.3,0.3,0.3,0,0,120,10,4800,TRUE
AVRRV30D0-95141-73R00+132N,95141-73R00,R98-7W,733,404,80,80,2.6,0.6,0.6,K,95.5,14.24,0.45,0.45,4.3,0.2,0.2,0,0,120,10,4800,FALSE
AVRRV30D0-95141-52S00+132NPTS,95141-52S00,R98-7W,816,472,80,80,2.6,0.6,0.6,K,95.5,14.24,0.45,0.45,4.3,0.3,0.3,0,0,120,10,4800,FALSE
AVRRV30D0-9004A-91079-H+185PTS/M,9004A-91079,R98-7W,777,448,80,80,2.6,0.4,0.4,K,95.5,14.24,0.45,0.45,4.3,0.2,0.2,0,0,120,10,4800,FALSE
AVRRV30D0-9004A-91080-H+185PTS/M,9004A-91080,R98-7W,800,470,80,80,2.6,0.4,0.4,K,95.5,14.24,0.45,0.45,4.3,0.2,0.2,0,0,120,10,4800,FALSE
AVRRV30D0-17521-76SA0+132N,17521 76SA0,R98-7W,910,432,80,80,2.6,0.4,0.4,K,95.5,14.24,0.45,0.45,4.3,0.2,0.2,0,0,120,10,4800,FALSE
AVRRV30D0-SF5PK1230B,SF5PK1230B,R98-7W,1230,529,100,100,2.6,0.4,0.4,K,95.5,17.8,0.4,0.4,4.3,0.2,0.2,0,0,120,10,4800,FALSE
AVRRV30D0-SF5PK1236B,SF5PK1236B,R98-7W,1236,529,100,100,2.6,0.4,0.4,K,95.5,17.8,0.4,0.4,4.3,0.2,0.2,0,0,120,10,4800,FALSE
AVRRV30D0-SF6PK1059B,SF6PK1059B,R98-7W,1059,591,120,120,2.6,0.4,0.4,K,95.5,21.36,0.4,0.4,4.3,0.2,0.2,0,0,120,10,4800,FALSE
AVRRV30D0-SF3PK785B,SF3PK785B,R98-7W,785,258,60,60,2.6,0.4,0.4,K,95.5,10.68,0.4,0.4,4.3,0.2,0.2,0,0,120,10,4800,FALSE
